8.560532927513122559e-01
1.346259727142751217e-03
5.168858170509338379e-01
-1.572628971189260483e-03
9.999987483024597168e-01
-7.594435302848978608e-09
-5.168851613998413086e-01
-8.128630579449236393e-04
8.560543656349182129e-01
8.550960421562194824e-01
3.903803974390029907e-02
5.169978141784667969e-01
-1.577442279085516930e-03
9.973526000976562500e-01
-7.270015776157379150e-02
-5.184671878814697266e-01
6.135008484125137329e-02
8.528938293457031250e-01
8.566682934761047363e-01
7.617980986833572388e-02
5.102117657661437988e-01
-1.569525920785963535e-03
9.894165396690368652e-01
-1.450946480035781860e-01
-5.158652663230895996e-01
1.234971955418586731e-01
8.477213382720947266e-01
8.607981204986572266e-01
1.111836284399032593e-01
4.966535568237304688e-01
-1.548468251712620258e-03
9.764139056205749512e-01
-2.159016579389572144e-01
-5.089441537857055664e-01
1.850786954164505005e-01
8.406674265861511230e-01
8.674640655517578125e-01
1.425133198499679565e-01
4.766508042812347412e-01
-1.513641676865518093e-03
9.588440656661987305e-01
-2.839290797710418701e-01
-4.974974989891052246e-01
2.455767840147018433e-01
8.319785594940185547e-01
8.765826821327209473e-01
1.687444299459457397e-01
4.506974220275878906e-01
-1.464205677621066570e-03
9.374423623085021973e-01
-3.481374979019165039e-01
-4.812490940093994141e-01
3.045113980770111084e-01
8.219927549362182617e-01
8.879899382591247559e-01
1.886111646890640259e-01
4.194040298461914062e-01
-1.399131491780281067e-03
9.131235480308532715e-01
-4.076805710792541504e-01
-4.598608016967773438e-01
3.614294230937957764e-01
8.111084103584289551e-01
9.014170169830322266e-01
2.010415196418762207e-01
3.834445178508758545e-01
-1.317254849709570408e-03
8.869208693504333496e-01
-4.619195461273193359e-01
-4.329499304294586182e-01
4.158770442008972168e-01
7.997503876686096191e-01
9.164616465568542480e-01
2.051871865987777710e-01
3.435058891773223877e-01
-1.217371551319956779e-03
8.599275350570678711e-01
-5.104146599769592285e-01
-4.001207351684570312e-01
4.673572778701782227e-01
7.883403897285461426e-01
9.325596690177917480e-01
2.004580795764923096e-01
3.002482056617736816e-01
-1.098389155231416225e-03
8.332476019859313965e-01
-5.528988838195800781e-01
-3.610141277313232422e-01
5.152814388275146484e-01
7.772732973098754883e-01
9.489651322364807129e-01
1.865706890821456909e-01
2.542766332626342773e-01
-9.595454903319478035e-04
8.079562783241271973e-01
-5.892416834831237793e-01
-3.153796195983886719e-01
5.589258074760437012e-01
7.669013142585754395e-01
9.647496938705444336e-01
1.636150926351547241e-01
2.061265707015991211e-01
-8.006910793483257294e-04
7.850683927536010742e-01
-6.194086074829101562e-01
-2.631680667400360107e-01
5.974091887474060059e-01
7.575254440307617188e-01
9.788377881050109863e-01
1.321344971656799316e-01
1.562594473361968994e-01
-6.226084078662097454e-04
7.655105590820312500e-01
-6.434230208396911621e-01
-2.046366333961486816e-01
6.297094821929931641e-01
7.493929266929626465e-01
9.900883436203002930e-01
9.319838136434555054e-02
1.050673350691795349e-01
-4.273055819794535637e-04
7.500931620597839355e-01
-6.613320708274841309e-01
-1.404453665018081665e-01
6.547322869300842285e-01
7.426983118057250977e-01
9.974252581596374512e-01
4.843673110008239746e-02
5.288397893309593201e-02
-2.181870659114792943e-04
7.394798994064331055e-01
-6.731786131858825684e-01
-7.171320915222167969e-02
6.714338064193725586e-01
7.375864982604980469e-01
1.000000000000000000e+00
-6.068281432902722372e-09
-4.565063882466802170e-09
1.355480061526748159e-09
7.341565489768981934e-01
-6.789802312850952148e-01
7.471714802420592605e-09
6.789802312850952148e-01
7.341565489768981934e-01
9.973461031913757324e-01
-4.957669600844383240e-02
-5.331888422369956970e-02
2.215143467765301466e-04
7.344021201133728027e-01
-6.787145733833312988e-01
7.280592620372772217e-02
6.769015192985534668e-01
7.324640750885009766e-01
9.894779324531555176e-01
-9.759446233510971069e-02
-1.068115606904029846e-01
4.402015474624931812e-04
7.402688264846801758e-01
-6.723108291625976562e-01
1.446830928325653076e-01
6.651897430419921875e-01
7.325226664543151855e-01
9.768970012664794922e-01
-1.414506882429122925e-01
-1.601998209953308105e-01
6.502160686068236828e-04
7.515743374824523926e-01
-6.596481204032897949e-01
2.137097418308258057e-01
6.443040966987609863e-01
7.343026399612426758e-01
9.605022668838500977e-01
-1.788739562034606934e-01
-2.131655067205429077e-01
8.466443396173417568e-04
7.679072618484497070e-01
-6.405605077743530273e-01
2.782709300518035889e-01
6.150793433189392090e-01
7.377280592918395996e-01
9.414367675781250000e-01
-2.080819457769393921e-01
-2.653274834156036377e-01
1.025900128297507763e-03
7.886433601379394531e-01
-6.148500442504882812e-01
3.371879756450653076e-01
5.785703063011169434e-01
7.426713109016418457e-01
9.209192991256713867e-01
-2.278440594673156738e-01
-3.162193894386291504e-01
1.185825327411293983e-03
8.129664063453674316e-01
-5.823093652725219727e-01
3.897514641284942627e-01
5.358849763870239258e-01
7.489466667175292969e-01
9.001041054725646973e-01
-2.374659627676010132e-01
-3.652704954147338867e-01
1.325541757978498936e-03
8.398903012275695801e-01
-5.427545905113220215e-01
4.356728792190551758e-01
4.880514442920684814e-01
7.563034892082214355e-01
8.799909949302673340e-01
-2.367321103811264038e-01
-4.117932915687561035e-01
1.445158966816961765e-03
8.682812452316284180e-01
-4.960701167583465576e-01
4.749881327152252197e-01
4.359421432018280029e-01
7.644218206405639648e-01
8.613867163658142090e-01
-2.258413434028625488e-01
-4.549820125102996826e-01
1.545437960885465145e-03
8.968835473060607910e-01
-4.422640204429626465e-01
5.079473853111267090e-01
3.802572190761566162e-01
7.729126214981079102e-01
8.449043631553649902e-01
-2.053579688072204590e-01
-4.939278960227966309e-01
1.627487014047801495e-03
9.243547916412353516e-01
-3.815305233001708984e-01
5.349149703979492188e-01
3.215529322624206543e-01
7.813256382942199707e-01
8.309864997863769531e-01
-1.761840134859085083e-01
-5.276557803153991699e-01
1.692521036602556705e-03
9.493184089660644531e-01
-3.143114745616912842e-01
5.562900304794311523e-01
2.602955102920532227e-01
7.891689538955688477e-01
8.199373483657836914e-01
-1.395448595285415649e-01
-5.551846027374267578e-01
1.741689746268093586e-03
9.704375863075256348e-01
-2.413458526134490967e-01
5.724506378173828125e-01
1.969215124845504761e-01
7.959411144256591797e-01
8.119553327560424805e-01
-9.697274118661880493e-02
-5.756082534790039062e-01
1.775967539288103580e-03
9.865098595619201660e-01
-1.636921614408493042e-01
5.837168693542480469e-01
1.318884640932083130e-01
8.011741638183593750e-01
8.071605563163757324e-01
-5.027155205607414246e-02
-5.881875753402709961e-01
1.796085736714303493e-03
9.965719580650329590e-01
-8.271084725856781006e-02
5.903292298316955566e-01
6.570449471473693848e-02
8.044838905334472656e-01
8.056153655052185059e-01
-1.452126074582338333e-03
-5.924371480941772461e-01
1.802496146410703659e-03
9.999983906745910645e-01
-8.609365664824508713e-09
5.924361944198608398e-01
-1.067858771421015263e-03
8.056166768074035645e-01
8.073364496231079102e-01
4.736238718032836914e-02
-5.881875753402709961e-01
1.795353717170655727e-03
9.965719580650329590e-01
8.271082490682601929e-02
5.900886058807373047e-01
-6.783147156238555908e-02
8.044838905334472656e-01
8.122990727424621582e-01
9.404986351728439331e-02
-5.756082534790039062e-01
1.774511882103979588e-03
9.865098595619201660e-01
1.636921465396881104e-01
5.832384228706359863e-01
-1.339884102344512939e-01
8.011741638183593750e-01
8.204326629638671875e-01
1.366026252508163452e-01
-5.551846027374267578e-01
1.739529310725629330e-03
9.704375863075256348e-01
2.413458377122879028e-01
5.717405080795288086e-01
-1.989737600088119507e-01
7.959411144256591797e-01
8.316088914871215820e-01
1.732222735881805420e-01
-5.276557803153991699e-01
1.689688651822507381e-03
9.493184089660644531e-01
3.143114447593688965e-01
5.553591251373291016e-01
-2.622757852077484131e-01
7.891689538955688477e-01
8.456214666366577148e-01
2.023846507072448730e-01
-4.939278960227966309e-01
1.624035649001598358e-03
9.243548512458801270e-01
3.815304934978485107e-01
5.337805151939392090e-01
-3.234325349330902100e-01
7.813256382942199707e-01
8.621588945388793945e-01
2.228752970695495605e-01
-4.549820125102996826e-01
1.541446777991950512e-03
8.968836069107055664e-01
4.422640204429626465e-01
5.066356062889099121e-01
-3.820031881332397461e-01
7.729126214981079102e-01
8.807730078697204590e-01
2.338059842586517334e-01
-4.117932915687561035e-01
1.440742518752813339e-03
8.682813048362731934e-01
4.960700869560241699e-01
4.735365509986877441e-01
-4.375184178352355957e-01
7.644218206405639648e-01
9.008478522300720215e-01
2.346286624670028687e-01
-3.652704954147338867e-01
1.320856390520930290e-03
8.398903012275695801e-01
5.427545905113220215e-01
4.341329336166381836e-01
-4.894217550754547119e-01
7.563034892082214355e-01
9.215787649154663086e-01
2.251618951559066772e-01
-3.162193894386291504e-01
1.181073370389640331e-03
8.129664063453674316e-01
5.823093652725219727e-01
3.881896138191223145e-01
-5.370174050331115723e-01
7.489466667175292969e-01
9.419737458229064941e-01
2.056373804807662964e-01
-2.653274834156036377e-01
1.021327101625502110e-03
7.886433601379394531e-01
6.148500442504882812e-01
3.356849253177642822e-01
-5.794436335563659668e-01
7.426713705062866211e-01
9.608933925628662109e-01
1.767607033252716064e-01
-2.131655067205429077e-01
8.425257983617484570e-04
7.679072618484497070e-01
6.405605077743530273e-01
2.769172489643096924e-01
-6.156899333000183105e-01
7.377281188964843750e-01
9.771396517753601074e-01
1.397645622491836548e-01
-1.601998209953308105e-01
6.468320498242974281e-04
7.515743374824523926e-01
6.596481204032897949e-01
2.125975042581558228e-01
-6.446719169616699219e-01
7.343026399612426758e-01
9.895930290222167969e-01
9.642081707715988159e-02
-1.068115681409835815e-01
4.378008597996085882e-04
7.402688860893249512e-01
6.723108291625976562e-01
1.438940316438674927e-01
-6.653608083724975586e-01
7.325226664543151855e-01
9.973757266998291016e-01
4.897671937942504883e-02
-5.331888794898986816e-02
2.202753967139869928e-04
7.344021201133728027e-01
6.787145733833312988e-01
7.239871472120285034e-02
-6.769452095031738281e-01
7.324640750885009766e-01
1.000000000000000000e+00
4.078012150188214946e-09
-6.405752817073562255e-09
1.355480061526748159e-09
7.341565489768981934e-01
6.789802312850952148e-01
7.471714802420592605e-09
-6.789802312850952148e-01
7.341565489768981934e-01
9.974536299705505371e-01
-4.784974828362464905e-02
5.288397520780563354e-02
-2.169848448829725385e-04
7.394798994064331055e-01
6.731786131858825684e-01
-7.131806761026382446e-02
-6.714758872985839844e-01
7.375864982604980469e-01
9.901936054229736328e-01
-9.207325428724288940e-02
1.050673350691795349e-01
-4.250417114235460758e-04
7.500931620597839355e-01
6.613320708274841309e-01
-1.397012770175933838e-01
-6.548914313316345215e-01
7.426983118057250977e-01
9.790509343147277832e-01
-1.305460780858993530e-01
1.562594324350357056e-01
-6.194988382048904896e-04
7.655105590820312500e-01
6.434230208396911621e-01
-2.036146074533462524e-01
-6.300407052040100098e-01
7.493929862976074219e-01
9.650806784629821777e-01
-1.616514027118682861e-01
2.061265707015991211e-01
-7.969903526827692986e-04
7.850683927536010742e-01
6.194086074829101562e-01
-2.619517147541046143e-01
-5.979434847831726074e-01
7.575255036354064941e-01
9.494046568870544434e-01
-1.843208819627761841e-01
2.542766332626342773e-01
-9.555121068842709064e-04
8.079562783241271973e-01
5.892416834831237793e-01
-3.140539526939392090e-01
-5.596717596054077148e-01
7.669013142585754395e-01
9.330839514732360840e-01
-1.980033963918685913e-01
3.002482056617736816e-01
-1.094259903766214848e-03
8.332476019859313965e-01
5.528988838195800781e-01
-3.596569597721099854e-01
-5.162296295166015625e-01
7.772733569145202637e-01
9.170379638671875000e-01
-2.025958448648452759e-01
3.435058891773223877e-01
-1.213347306475043297e-03
8.599275946617126465e-01
5.104146599769592285e-01
-3.987980782985687256e-01
-4.684863984584808350e-01
7.883403897285461426e-01
9.020093679428100586e-01
-1.983668804168701172e-01
3.834445178508758545e-01
-1.313495915383100510e-03
8.869208693504333496e-01
4.619195163249969482e-01
-4.317144751548767090e-01
-4.171593785285949707e-01
7.997503876686096191e-01
8.885630369186401367e-01
-1.858923137187957764e-01
4.194040298461914062e-01
-1.395759056322276592e-03
9.131235480308532715e-01
4.076805412769317627e-01
-4.587523639202117920e-01
-3.628352582454681396e-01
8.111084103584289551e-01
8.771049976348876953e-01
-1.660080105066299438e-01
4.506974220275878906e-01
-1.461307285353541374e-03
9.374423623085021973e-01
3.481374979019165039e-01
-4.802964627742767334e-01
-3.060117363929748535e-01
8.219927549362182617e-01
8.679093718528747559e-01
-1.397759616374969482e-01
4.766508042812347412e-01
-1.511276932433247566e-03
9.588441252708435059e-01
2.839290499687194824e-01
-4.967202842235565186e-01
-2.471450418233871460e-01
8.319785594940185547e-01
8.611462712287902832e-01
-1.084544211626052856e-01
4.966535568237304688e-01
-1.546675455756485462e-03
9.764139056205749512e-01
2.159016281366348267e-01
-5.083549022674560547e-01
-1.866910457611083984e-01
8.406674265861511230e-01
8.569055795669555664e-01
-7.346257567405700684e-02
5.102117657661437988e-01
-1.568326377309858799e-03
9.894165396690368652e-01
1.450946331024169922e-01
-5.154710412025451660e-01
-1.251325756311416626e-01
8.477213382720947266e-01
8.552152514457702637e-01
-3.633346408605575562e-02
5.169978141784667969e-01
-1.576844137161970139e-03
9.973526000976562500e-01
7.270014286041259766e-02
-5.182706117630004883e-01
-6.298949569463729858e-02
8.528938293457031250e-01
8.560532927513122559e-01
1.346259727142751217e-03
5.168858170509338379e-01
-1.572628971189260483e-03
9.999987483024597168e-01
-7.594435302848978608e-09
-5.168851613998413086e-01
-8.128630579449236393e-04
8.560543656349182129e-01
8.593542575836181641e-01
3.800536319613456726e-02
5.099664926528930664e-01
-1.555874478071928024e-03
9.974241852760314941e-01
-7.171141356229782104e-02
-5.113783478736877441e-01
6.083206459879875183e-02
8.571998476982116699e-01
8.650102019309997559e-01
7.215794920921325684e-02
4.965385794639587402e-01
-1.526585780084133148e-03
9.899790287017822266e-01
-1.412062346935272217e-01
-5.017518997192382812e-01
1.213868334889411926e-01
8.564521074295043945e-01
8.728675842285156250e-01
1.024656891822814941e-01
4.770774841308593750e-01
-1.484608044847846031e-03
9.782568812370300293e-01
-2.073916792869567871e-01
-4.879548549652099609e-01
1.803172081708908081e-01
8.540408611297607422e-01
8.827204108238220215e-01
1.277859956026077271e-01
4.521895349025726318e-01
-1.429664785973727703e-03
9.630390405654907227e-01
-2.693580985069274902e-01
-4.698963761329650879e-01
2.371214032173156738e-01
8.502769470214843750e-01
8.943012952804565430e-01
1.472041457891464233e-01
4.225590825080871582e-01
-1.361411879770457745e-03
9.452299475669860840e-01
-3.264022767543792725e-01
-4.474632740020751953e-01
2.913267016410827637e-01
8.455207943916320801e-01
9.072717428207397461e-01
1.600515395402908325e-01
3.888977169990539551e-01
-1.279506133869290352e-03
9.257937073707580566e-01
-3.780269920825958252e-01
-4.205428659915924072e-01
3.424756228923797607e-01
8.401512503623962402e-01
9.212150573730468750e-01
1.659152656793594360e-01
3.519018292427062988e-01
-1.183694461360573769e-03
9.056981801986694336e-01
-4.239214062690734863e-01
-3.890519142150878906e-01
3.901062607765197754e-01
8.345392346382141113e-01
9.356333017349243164e-01
1.646444499492645264e-01
3.122218549251556396e-01
-1.073920284397900105e-03
8.858713507652282715e-01
-4.639297425746917725e-01
-3.529718518257141113e-01
4.337328374385833740e-01
8.290275931358337402e-01
9.499540328979492188e-01
1.563569903373718262e-01
2.704436779022216797e-01
-9.504440240561962128e-04
8.671680688858032227e-01
-4.980146884918212891e-01
-3.123881816864013672e-01
4.728340208530426025e-01
8.239184617996215820e-01
9.635491371154785156e-01
1.414470076560974121e-01
2.270811349153518677e-01
-8.139631245285272598e-04
8.503475785255432129e-01
-5.262208580970764160e-01
-2.675302624702453613e-01
5.068547725677490234e-01
8.194667696952819824e-01
9.757684469223022461e-01
1.205886900424957275e-01
1.825769692659378052e-01
-6.657152553088963032e-04
8.360569477081298828e-01
-5.486422181129455566e-01
-2.188047915697097778e-01
5.352262258529663086e-01
8.158782720565795898e-01
9.859880208969116211e-01
9.472946822643280029e-02
1.373098641633987427e-01
-5.075371009297668934e-04
8.248199820518493652e-01
-5.653951764106750488e-01
-1.668155044317245483e-01
5.574031472206115723e-01
8.133106827735900879e-01
9.936674833297729492e-01
6.506405025720596313e-02
9.160539507865905762e-02
-3.418553969822824001e-04
8.170281052589416504e-01
-5.765977501869201660e-01
-1.123599708080291748e-01
5.729151368141174316e-01
8.118765354156494141e-01
9.984083175659179688e-01
3.298359736800193787e-02
4.574901983141899109e-02
-1.715937542030587792e-04
8.129343986511230469e-01
-5.823552012443542480e-01
-5.639912188053131104e-02
5.814204216003417969e-01
8.116461038589477539e-01
1.000000000000000000e+00
-5.455682572375053496e-09
-5.281985515637188655e-09
1.355480061526748159e-09
8.126506209373474121e-01
-5.827512145042419434e-01
7.471714802420592605e-09
5.827512145042419434e-01
8.126506209373474121e-01
9.984452724456787109e-01
-3.234751895070075989e-02
-4.539462924003601074e-02
1.695926039246842265e-04
8.161472678184509277e-01
-5.778439044952392578e-01
5.574051663279533386e-02
5.769378542900085449e-01
8.148838877677917480e-01
9.939561486244201660e-01
-6.259016692638397217e-02
-9.018652886152267456e-02
3.339998365845531225e-04
8.232583403587341309e-01
-5.676667690277099609e-01
1.097771748900413513e-01
5.642057657241821289e-01
8.183035850524902344e-01
9.869235754013061523e-01
-8.941704034805297852e-02
-1.341135352849960327e-01
4.904182860627770424e-04
8.336892127990722656e-01
-5.522336959838867188e-01
1.611881107091903687e-01
5.449467301368713379e-01
8.228313922882080078e-01
9.778673648834228516e-01
-1.117403209209442139e-01
-1.768883913755416870e-01
6.365704466588795185e-04
8.470278978347778320e-01
-5.315480828285217285e-01
2.092247605323791504e-01
5.196709036827087402e-01
8.283520340919494629e-01
9.673784375190734863e-01
-1.287333220243453979e-01
-2.181894928216934204e-01
7.707746699452400208e-04
8.627582788467407227e-01
-5.056160092353820801e-01
2.533344328403472900e-01
4.889538586139678955e-01
8.347129821777343750e-01
9.560639262199401855e-01
-1.398429870605468750e-01
-2.576542794704437256e-01
8.919351967051625252e-04
8.802748322486877441e-01
-4.744633436203002930e-01
2.931569516658782959e-01
4.533874690532684326e-01
8.417237401008605957e-01
9.445028305053710938e-01
-1.447837054729461670e-01
-2.948763072490692139e-01
9.994721040129661560e-04
8.988983631134033203e-01
-4.381560385227203369e-01
3.285016715526580811e-01
4.135448932647705078e-01
8.491567969322204590e-01
9.332163929939270020e-01
-1.435203999280929565e-01
-3.294072151184082031e-01
1.093216706067323685e-03
9.178944826126098633e-01
-3.968230485916137695e-01
3.593132495880126953e-01
3.699616491794586182e-01
8.567510247230529785e-01
9.226513504981994629e-01
-1.362479478120803833e-01
-3.607644736766815186e-01
1.173296011984348297e-03
9.364945888519287109e-01
-3.506801128387451172e-01
3.856334090232849121e-01
3.231322169303894043e-01
8.642178177833557129e-01
9.131754040718078613e-01
-1.233709603548049927e-01
-3.884459435939788818e-01
1.240022713318467140e-03
9.539220929145812988e-01
-3.000518679618835449e-01
4.075648486614227295e-01
2.735182940959930420e-01
8.712511658668518066e-01
9.050796627998352051e-01
-1.054846271872520447e-01
-4.119511544704437256e-01
1.293799723498523235e-03
9.694238305091857910e-01
-2.453890889883041382e-01
4.252400398254394531e-01
2.215636968612670898e-01
8.775422573089599609e-01
8.985854983329772949e-01
-8.335549384355545044e-02
-4.308085441589355469e-01
1.335045439191162586e-03
9.823060631752014160e-01
-1.872779875993728638e-01
4.387964904308319092e-01
1.677101254463195801e-01
8.827972412109375000e-01
8.938530087471008301e-01
-5.789896473288536072e-02
-4.446059763431549072e-01
1.364136463962495327e-03
9.919736385345458984e-01
-1.264375895261764526e-01
4.483579993247985840e-01
1.124101132154464722e-01
8.867576122283935547e-01
8.909894824028015137e-01
-3.015127032995223999e-02
-4.530216157436370850e-01
1.381368609145283699e-03
9.979678988456726074e-01
-6.370383501052856445e-02
4.540217816829681396e-01
5.613365769386291504e-02
8.892205953598022461e-01
8.900555968284606934e-01
-1.234450726769864559e-03
-4.558503329753875732e-01
1.386930700391530991e-03
9.999990463256835938e-01
-9.242436149747845775e-09
4.558499157428741455e-01
-6.322246044874191284e-04
8.900564312934875488e-01
8.910695314407348633e-01
2.768499590456485748e-02
-4.530216157436370850e-01
1.380890607833862305e-03
9.979678988456726074e-01
6.370381265878677368e-02
4.538646936416625977e-01
-5.739010497927665710e-02
8.892205953598022461e-01
8.940088152885437012e-01
5.544118583202362061e-02
-4.446059763431549072e-01
1.363190938718616962e-03
9.919736385345458984e-01
1.264375746250152588e-01
4.480472505092620850e-01
-1.136423870921134949e-01
8.867576122283935547e-01
8.988085985183715820e-01
8.091393113136291504e-02
-4.308085441589355469e-01
1.333654276095330715e-03
9.823060631752014160e-01
1.872779577970504761e-01
4.383392333984375000e-01
-1.689015924930572510e-01
8.827972412109375000e-01
9.053578376770019531e-01
1.030700802803039551e-01
-4.119511544704437256e-01
1.291997032240033150e-03
9.694238305091857910e-01
2.453890740871429443e-01
4.246475398540496826e-01
-2.226971536874771118e-01
8.775422573089599609e-01
9.134927988052368164e-01
1.209985017776489258e-01
-3.884459435939788818e-01
1.237856922671198845e-03
9.539220929145812988e-01
3.000518381595611572e-01
4.068529903888702393e-01
-2.745760381221771240e-01
8.712512254714965820e-01
9.229894876480102539e-01
1.339380443096160889e-01
-3.607644736766815186e-01
1.170831499621272087e-03
9.364945888519287109e-01
3.506801128387451172e-01
3.848233819007873535e-01
-3.240964412689208984e-01
8.642178177833557129e-01
9.335551857948303223e-01
1.412997841835021973e-01
-3.294072151184082031e-01
1.090535661205649376e-03
9.178944826126098633e-01
3.968230187892913818e-01
3.584320545196533203e-01
-3.708154261112213135e-01
8.567510843276977539e-01
9.448220133781433105e-01
1.426859200000762939e-01
-2.948763072490692139e-01
9.966754587367177010e-04
8.988983631134033203e-01
4.381560087203979492e-01
3.275825381278991699e-01
-4.142733514308929443e-01
8.491567969322204590e-01
9.563449025154113770e-01
1.379082798957824707e-01
-2.576542794704437256e-01
8.891423349268734455e-04
8.802748322486877441e-01
4.744633436203002930e-01
2.922389805316925049e-01
-4.539796710014343262e-01
8.417237401008605957e-01
9.676065444946289062e-01
1.270076036453247070e-01
-2.181894928216934204e-01
7.681199349462985992e-04
8.627582788467407227e-01
5.056160092353820801e-01
2.524618804454803467e-01
-4.894049465656280518e-01
8.347129821777343750e-01
9.780339002609252930e-01
1.102731302380561829e-01
-1.768883913755416870e-01
6.341976695694029331e-04
8.470278978347778320e-01
5.315480828285217285e-01
2.084448784589767456e-01
-5.199842453002929688e-01
8.283520936965942383e-01
9.870278835296630859e-01
8.825816214084625244e-02
-1.341135352849960327e-01
4.884711815975606441e-04
8.336892127990722656e-01
5.522336959838867188e-01
1.605481356382369995e-01
-5.451355576515197754e-01
8.228313922882080078e-01
9.940065145492553711e-01
6.178532168269157410e-02
-9.018652886152267456e-02
3.326097794342786074e-04
8.232583403587341309e-01
5.676667690277099609e-01
1.093202903866767883e-01
-5.642944574356079102e-01
8.183036446571350098e-01
9.984586238861083984e-01
3.193346038460731506e-02
-4.539462924003601074e-02
1.688646589173004031e-04
8.161472678184509277e-01
5.778439044952392578e-01
5.550125613808631897e-02
-5.769608616828918457e-01
8.148838877677917480e-01
1.000000000000000000e+00
3.252619507065901416e-09
-6.861801349344887058e-09
1.355480061526748159e-09
8.126506209373474121e-01
5.827512145042419434e-01
7.471714802420592605e-09
-5.827512145042419434e-01
8.126506209373474121e-01
9.984220862388610840e-01
-3.256301954388618469e-02
4.574901610612869263e-02
-1.708485651761293411e-04
8.129343986511230469e-01
5.823552012443542480e-01
-5.615419521927833557e-02
-5.814441442489624023e-01
8.116461038589477539e-01
9.937214851379394531e-01
-6.423426419496536255e-02
9.160539507865905762e-02
-3.403996815904974937e-04
8.170281052589416504e-01
5.765977501869201660e-01
-1.118815168738365173e-01
-5.730087161064147949e-01
8.118765354156494141e-01
9.861035943031311035e-01
-9.351846575736999512e-02
1.373098641633987427e-01
-5.054539069533348083e-04
8.248200416564941406e-01
5.653951764106750488e-01
-1.661308109760284424e-01
-5.576075911521911621e-01
8.133107423782348633e-01
9.759588837623596191e-01
-1.190376356244087219e-01
1.825769692659378052e-01
-6.631261203438043594e-04
8.360570073127746582e-01
5.486422181129455566e-01
-2.179538160562515259e-01
-5.355733036994934082e-01
8.158782720565795898e-01
9.638176560401916504e-01
-1.396054476499557495e-01
2.270811349153518677e-01
-8.110146736726164818e-04
8.503475785255432129e-01
5.262208580970764160e-01
-2.665611803531646729e-01
-5.073651075363159180e-01
8.194667696952819824e-01
9.502939581871032715e-01
-1.542777121067047119e-01
2.704436779022216797e-01
-9.472934762015938759e-04
8.671680688858032227e-01
4.980146586894989014e-01
-3.113526701927185059e-01
-4.735165238380432129e-01
8.239184617996215820e-01
9.360291957855224609e-01
-1.623788475990295410e-01
3.122218549251556396e-01
-1.070722471922636032e-03
8.858713507652282715e-01
4.639297425746917725e-01
-3.519207537174224854e-01
-4.345860779285430908e-01
8.290275931358337402e-01
9.216450452804565430e-01
-1.635099053382873535e-01
3.519018292427062988e-01
-1.180591993033885956e-03
9.056982398033142090e-01
4.239214062690734863e-01
-3.880322277545928955e-01
-3.911204934120178223e-01
8.345392346382141113e-01
9.077101945877075195e-01
-1.575459241867065430e-01
3.888977169990539551e-01
-1.276624272577464581e-03
9.257937073707580566e-01
3.780269920825958252e-01
-4.195956885814666748e-01
-3.436354398727416992e-01
8.401512503623962402e-01
8.947212100028991699e-01
-1.446298211812973022e-01
4.225590825080871582e-01
-1.358855399303138256e-03
9.452300071716308594e-01
3.264022767543792725e-01
-4.466230273246765137e-01
-2.926132380962371826e-01
8.455207943916320801e-01
8.830956816673278809e-01
-1.251665353775024414e-01
4.521895349025726318e-01
-1.427518087439239025e-03
9.630390405654907227e-01
2.693580687046051025e-01
-4.691907763481140137e-01
-2.385144531726837158e-01
8.502769470214843750e-01
8.731744289398193359e-01
-9.981737285852432251e-02
4.770774841308593750e-01
-1.482936902903020382e-03
9.782568812370300293e-01
2.073916643857955933e-01
-4.874055981636047363e-01
-1.817965656518936157e-01
8.540408611297607422e-01
8.652285933494567871e-01
-6.949084997177124023e-02
4.965385794639587402e-01
-1.525440020486712456e-03
9.899790287017822266e-01
1.412062197923660278e-01
-5.013753175735473633e-01
-1.229330971837043762e-01
8.564521074295043945e-01
8.594686388969421387e-01
-3.532467782497406006e-02
5.099664926528930664e-01
-1.555289607495069504e-03
9.974241852760314941e-01
7.171139866113662720e-02
-5.111861228942871094e-01
-6.242684274911880493e-02
8.571998476982116699e-01
