3.915065824985504150e-01
-1.268467213958501816e-02
9.200878739356994629e-01
3.238256648182868958e-02
9.994755387306213379e-01
3.558264083380890952e-08
-9.196053147315979004e-01
2.979479171335697174e-02
3.917120099067687988e-01
3.740750551223754883e-01
4.120229929685592651e-02
9.264827370643615723e-01
3.263675794005393982e-02
9.978089332580566406e-01
-5.755165964365005493e-02
-9.268239736557006836e-01
5.176603421568870544e-02
3.719107210636138916e-01
3.595345914363861084e-01
9.710951149463653564e-02
9.280650019645690918e-01
3.283852338790893555e-02
9.926373362541198730e-01
-1.165878623723983765e-01
-9.325537681579589844e-01
7.239365577697753906e-02
3.536985218524932861e-01
3.477155864238739014e-01
1.552659273147583008e-01
9.246547222137451172e-01
3.299577161669731140e-02
9.835558533668518066e-01
-1.775644868612289429e-01
-9.370192885398864746e-01
9.225163608789443970e-02
3.368745744228363037e-01
3.385399580001831055e-01
2.159822434186935425e-01
9.158287644386291504e-01
3.311373293399810791e-02
9.699626564979553223e-01
-2.409894019365310669e-01
-9.403691887855529785e-01
1.119110509753227234e-01
3.212191462516784668e-01
3.320381343364715576e-01
2.796060144901275635e-01
9.008724093437194824e-01
3.319516405463218689e-02
9.510013461112976074e-01
-3.073995411396026611e-01
-9.426816701889038086e-01
1.319729834794998169e-01
3.064871728420257568e-01
3.283810913562774658e-01
3.464544713497161865e-01
8.787122368812561035e-01
3.324018791317939758e-02
9.254867434501647949e-01
-3.773186206817626953e-01
-9.439602494239807129e-01
1.531128585338592529e-01
2.923961281776428223e-01
3.279392421245574951e-01
4.167000651359558105e-01
8.478307127952575684e-01
3.324558958411216736e-02
8.918149471282958984e-01
-4.511771798133850098e-01
-9.441136717796325684e-01
1.761453300714492798e-01
2.786076664924621582e-01
3.313939273357391357e-01
4.901655912399291992e-01
8.061735630035400391e-01
3.320313617587089539e-02
8.478686809539794922e-01
-5.291656851768493652e-01
-9.429080486297607422e-01
2.021297663450241089e-01
2.647034823894500732e-01
3.399556279182434082e-01
5.659556984901428223e-01
7.510820627212524414e-01
3.309576585888862610e-02
7.909539937973022461e-01
-6.109798550605773926e-01
-9.398589730262756348e-01
2.325636893510818481e-01
2.501585483551025391e-01
3.558224439620971680e-01
6.417927145957946777e-01
6.793324351310729980e-01
3.288856148719787598e-02
7.178562283515930176e-01
-6.954141259193420410e-01
-9.339746832847595215e-01
2.697862088680267334e-01
2.343216985464096069e-01
3.832367062568664551e-01
7.127741575241088867e-01
5.874373316764831543e-01
3.250485286116600037e-02
6.251938939094543457e-01
-7.797923088073730469e-01
-9.230780601501464844e-01
3.179396092891693115e-01
2.164286226034164429e-01
4.312395751476287842e-01
7.686536312103271484e-01
4.724446833133697510e-01
3.175130113959312439e-02
5.103832483291625977e-01
-8.593606948852539062e-01
-9.016785621643066406e-01
3.855910897254943848e-01
1.956917196512222290e-01
5.219879746437072754e-01
7.850906848907470703e-01
3.334084451198577881e-01
3.001689165830612183e-02
3.737370371818542480e-01
-9.270488619804382324e-01
-8.524245023727416992e-01
4.939162433147430420e-01
1.715202480554580688e-01
7.167030572891235352e-01
6.755110025405883789e-01
1.732673794031143188e-01
2.454196289181709290e-02
2.238702476024627686e-01
-9.743099212646484375e-01
-6.969465017318725586e-01
7.025431990623474121e-01
1.438701301813125610e-01
1.000000000000000000e+00
-4.001278242071748537e-08
6.400346030943637743e-09
1.090308288098640332e-08
1.135673373937606812e-01
-9.935302734375000000e-01
3.902704293068381958e-08
9.935302734375000000e-01
1.135673373937606812e-01
5.561942458152770996e-01
-8.125266432762145996e-01
-1.744948625564575195e-01
-2.924616262316703796e-02
1.907013952732086182e-01
-9.812123179435729980e-01
8.305375576019287109e-01
5.508479475975036621e-01
8.230373263359069824e-02
2.444076389074325562e-01
-9.088705778121948242e-01
-3.379632234573364258e-01
-3.412445262074470520e-02
3.402556478977203369e-01
-9.397135972976684570e-01
9.690719246864318848e-01
2.412059903144836426e-01
5.214637145400047302e-02
1.147870421409606934e-01
-8.688355088233947754e-01
-4.816106259822845459e-01
-3.495911508798599243e-02
4.809818565845489502e-01
-8.760333061218261719e-01
9.927747845649719238e-01
1.173939555883407593e-01
2.483676373958587646e-02
4.890586808323860168e-02
-7.972250580787658691e-01
-6.016979217529296875e-01
-3.514961898326873779e-02
6.006718873977661133e-01
-7.987225651741027832e-01
9.981847405433654785e-01
6.021167337894439697e-02
1.354223582893610001e-03
1.015869434922933578e-02
-7.153690457344055176e-01
-6.986730098724365234e-01
-3.518991172313690186e-02
6.980205178260803223e-01
-7.152125835418701172e-01
9.993290305137634277e-01
3.185186907649040222e-02
-1.808279752731323242e-02
-1.488837692886590958e-02
-6.314117312431335449e-01
-7.753047943115234375e-01
-3.518782928586006165e-02
7.752413153648376465e-01
-6.306843161582946777e-01
9.992697834968566895e-01
1.789142750203609467e-02
-3.376009315252304077e-02
-3.216234594583511353e-02
-5.491553544998168945e-01
-8.351011872291564941e-01
-3.517352417111396790e-02
8.356377482414245605e-01
-5.481535792350769043e-01
9.988635778427124023e-01
1.174354553222656250e-02
-4.619180038571357727e-02
-4.464866220951080322e-02
-4.702510833740234375e-01
-8.814025521278381348e-01
-3.515663370490074158e-02
8.824754953384399414e-01
-4.690426290035247803e-01
9.983839392662048340e-01
1.004502177238464355e-02
-5.593379586935043335e-02
-5.400184541940689087e-02
-3.951790034770965576e-01
-9.170154929161071777e-01
-3.514038026332855225e-02
9.185387492179870605e-01
-3.937660753726959229e-01
9.979223012924194336e-01
1.096017751842737198e-02
-6.348952651023864746e-02
-6.120574101805686951e-02
-3.237954974174499512e-01
-9.441452622413635254e-01
-3.512575104832649231e-02
9.460315704345703125e-01
-3.221653103828430176e-01
9.975069165229797363e-01
1.344544533640146255e-02
-6.927612423896789551e-02
-6.687673926353454590e-02
-2.556448578834533691e-01
-9.644548892974853516e-01
-3.511294350028038025e-02
9.666231870651245117e-01
-2.537848353385925293e-01
9.971432089805603027e-01
1.689255051314830780e-02
-7.362104952335357666e-02
-7.141570001840591431e-02
-1.901295185089111328e-01
-9.791581034660339355e-01
-3.510187193751335144e-02
9.815356135368347168e-01
-1.880310028791427612e-01
9.968287944793701172e-01
2.094191685318946838e-02
-7.677096128463745117e-02
-7.508936524391174316e-02
-1.265977770090103149e-01
-9.891079664230346680e-01
-3.509237617254257202e-02
9.916294217109680176e-01
-1.242564246058464050e-01
9.965591430664062500e-01
2.537981420755386353e-02
-7.890344411134719849e-02
-7.807603478431701660e-02
-6.438434869050979614e-02
-9.948661923408508301e-01
-3.508430346846580505e-02
9.974717497825622559e-01
-6.179958954453468323e-02
9.963299036026000977e-01
3.007912263274192810e-02
-8.013752102851867676e-02
-8.049190044403076172e-02
-2.825212897732853889e-03
-9.967512488365173340e-01
-3.507754206657409668e-02
9.993845820426940918e-01
-1.612127142891495168e-08
9.961378574371337891e-01
3.496358171105384827e-02
-8.054146915674209595e-02
-8.240598440170288086e-02
5.874063074588775635e-02
-9.948661923408508301e-01
-3.507203608751296997e-02
9.974721670150756836e-01
6.179955601692199707e-02
9.959815144538879395e-01
3.998463973402976990e-02
-8.013752847909927368e-02
-8.384757488965988159e-02
1.209751665592193604e-01
-9.891079664230346680e-01
-3.506780415773391724e-02
9.916302561759948730e-01
1.242563873529434204e-01
9.958613514900207520e-01
4.510444402694702148e-02
-7.890345901250839233e-02
-8.480787277221679688e-02
1.845455318689346313e-01
-9.791581034660339355e-01
-3.506494686007499695e-02
9.815369844436645508e-01
1.880309730768203735e-01
9.957801103591918945e-01
5.028063058853149414e-02
-7.677098363637924194e-02
-8.523607254028320312e-02
2.501231729984283447e-01
-9.644548892974853516e-01
-3.506366163492202759e-02
9.666249752044677734e-01
2.537848055362701416e-01
9.957436323165893555e-01
5.544893816113471985e-02
-7.362107932567596436e-02
-8.502825349569320679e-02
3.183706402778625488e-01
-9.441453218460083008e-01
-3.506428375840187073e-02
9.460338354110717773e-01
3.221652805805206299e-01
9.957613348960876465e-01
6.049893051385879517e-02
-6.927616149187088013e-02
-8.400545269250869751e-02
3.899047374725341797e-01
-9.170154929161071777e-01
-3.506733849644660950e-02
9.185415506362915039e-01
3.937660455703735352e-01
9.958480596542358398e-01
6.523578613996505737e-02
-6.348957866430282593e-02
-8.187241107225418091e-02
4.652165770530700684e-01
-8.814025521278381348e-01
-3.507358580827713013e-02
8.824788331985473633e-01
4.690425992012023926e-01
9.960255026817321777e-01
6.931559741497039795e-02
-5.593385547399520874e-02
-7.813856005668640137e-02
5.445184707641601562e-01
-8.351011872291564941e-01
-3.508413210511207581e-02
8.356415629386901855e-01
5.481535196304321289e-01
9.963249564170837402e-01
7.213073223829269409e-02
-4.619187116622924805e-02
-7.195767760276794434e-02
6.274747252464294434e-01
-7.753048539161682129e-01
-3.510050103068351746e-02
7.752453088760375977e-01
6.306842565536499023e-01
9.967898726463317871e-01
7.259616255760192871e-02
-3.376017510890960693e-02
-6.177235767245292664e-02
7.127693891525268555e-01
-6.986730098724365234e-01
-3.512452170252799988e-02
6.980237960815429688e-01
7.152125835418701172e-01
9.974720478057861328e-01
6.872092187404632568e-02
-1.808289065957069397e-02
-4.442218318581581116e-02
7.974874377250671387e-01
-6.016979813575744629e-01
-3.515699133276939392e-02
6.006714701652526855e-01
7.987225651741027832e-01
9.983940124511718750e-01
5.663488805294036865e-02
1.354119391180574894e-03
-1.247354876250028610e-02
8.762965202331542969e-01
-4.816106557846069336e-01
-3.518899157643318176e-02
4.809651076793670654e-01
8.760333061218261719e-01
9.993028044700622559e-01
2.787463739514350891e-02
2.483665011823177338e-02
5.625949054956436157e-02
9.394763112068176270e-01
-3.379632532596588135e-01
-3.513599187135696411e-02
3.401526808738708496e-01
9.397135972976684570e-01
9.977977275848388672e-01
-4.099313169717788696e-02
5.214624851942062378e-02
2.637993395328521729e-01
9.486629962921142578e-01
-1.744948774576187134e-01
-3.394515067338943481e-02
1.899212300777435303e-01
9.812123179435729980e-01
9.639800786972045898e-01
-2.529199123382568359e-01
8.230359852313995361e-02
1.000000000000000000e+00
3.753631716563177179e-08
-1.526473525359506311e-08
1.090308288098640332e-08
1.135672107338905334e-01
9.935303330421447754e-01
3.902704293068381958e-08
-9.935303330421447754e-01
1.135672107338905334e-01
5.342064499855041504e-01
-8.274067044258117676e-01
1.732673496007919312e-01
2.974947728216648102e-02
2.232378125190734863e-01
9.743099212646484375e-01
-8.448303937911987305e-01
-5.153280496597290039e-01
1.438699960708618164e-01
3.843068778514862061e-01
-8.608989715576171875e-01
3.334084153175354004e-01
3.248919919133186340e-02
3.735301792621612549e-01
9.270489215850830078e-01
-9.226335287094116211e-01
-3.454391062259674072e-01
1.715201288461685181e-01
3.303012251853942871e-01
-8.171273469924926758e-01
4.724446535110473633e-01
3.321661800146102905e-02
5.102899074554443359e-01
8.593606948852539062e-01
-9.432908892631530762e-01
-2.681548893451690674e-01
1.956916004419326782e-01
3.060577809810638428e-01
-7.491635680198669434e-01
5.874372720718383789e-01
3.350298479199409485e-02
6.251411437988281250e-01
7.797923684120178223e-01
-9.514232277870178223e-01
-2.189806252717971802e-01
2.164285331964492798e-01
2.949572503566741943e-01
-6.719432473182678223e-01
6.793323755264282227e-01
3.362606838345527649e-02
7.178220152854919434e-01
6.954141855239868164e-01
-9.549185633659362793e-01
-1.822741776704788208e-01
2.343216091394424438e-01
2.910588681697845459e-01
-5.925879478454589844e-01
7.510820627212524414e-01
3.366811200976371765e-02
7.909297943115234375e-01
6.109799146652221680e-01
-9.561125636100769043e-01
-1.525436192750930786e-01
2.501584589481353760e-01
2.917696833610534668e-01
-5.147374868392944336e-01
8.061735033988952637e-01
3.366049006581306458e-02
8.478506207466125488e-01
5.291656851768493652e-01
-9.558961391448974609e-01
-1.272583156824111938e-01
2.647034227848052979e-01
2.958210110664367676e-01
-4.400829672813415527e-01
8.478307127952575684e-01
3.361666947603225708e-02
8.918009996414184570e-01
4.511772394180297852e-01
-9.546517133712768555e-01
-1.049664691090583801e-01
2.786076068878173828e-01
3.025596439838409424e-01
-3.692187964916229248e-01
8.787121772766113281e-01
3.354231268167495728e-02
9.254758358001708984e-01
3.773186802864074707e-01
-9.525400400161743164e-01
-8.468735963106155396e-02
2.923960983753204346e-01
3.116567134857177734e-01
-3.021571934223175049e-01
9.008724093437194824e-01
3.343899920582771301e-02
9.509928226470947266e-01
3.073996007442474365e-01
-9.496061801910400391e-01
-6.567887216806411743e-02
3.064871132373809814e-01
3.229747414588928223e-01
-2.386314123868942261e-01
9.158287644386291504e-01
3.330572322010993958e-02
9.699560999870300293e-01
2.409894615411758423e-01
-9.458213448524475098e-01
-4.733116924762725830e-02
3.212190866470336914e-01
3.365018963813781738e-01
-1.782697588205337524e-01
9.246547222137451172e-01
3.313944861292839050e-02
9.835510253906250000e-01
1.775645613670349121e-01
-9.410994648933410645e-01
-2.910826355218887329e-02
3.368745446205139160e-01
3.523185551166534424e-01
-1.206938922405242920e-01
9.280650019645690918e-01
3.293524309992790222e-02
9.926341176033020020e-01
1.165879294276237488e-01
-9.353004097938537598e-01
-1.051004510372877121e-02
3.536985218524932861e-01
3.705798089504241943e-01
-6.557728350162506104e-02
9.264827370643615723e-01
3.268610313534736633e-02
9.978073239326477051e-01
5.755172669887542725e-02
-9.282252788543701172e-01
8.955602534115314484e-03
3.719107210636138916e-01
3.915065824985504150e-01
-1.268467213958501816e-02
9.200878739356994629e-01
3.238256648182868958e-02
9.994755387306213379e-01
3.558264083380890952e-08
-9.196053147315979004e-01
2.979479171335697174e-02
3.917120099067687988e-01
4.153805077075958252e-01
3.809343650937080383e-02
9.088497757911682129e-01
3.201208263635635376e-02
9.978917241096496582e-01
-5.645632743835449219e-02
-9.090843200683593750e-01
5.254502967000007629e-02
4.132853150367736816e-01
4.425391256809234619e-01
8.670235425233840942e-02
8.925479054450988770e-01
3.155815973877906799e-02
9.931927323341369629e-01
-1.121260449290275574e-01
-8.961937427520751953e-01
7.778733223676681519e-02
4.367904961109161377e-01
4.733674526214599609e-01
1.328743249177932739e-01
8.707856535911560059e-01
3.099917061626911163e-02
9.854322075843811035e-01
-1.672198325395584106e-01
-8.803194165229797363e-01
1.061500608921051025e-01
4.623525142669677734e-01
5.082797408103942871e-01
1.760648190975189209e-01
8.430023193359375000e-01
3.030684217810630798e-02
9.746151566505432129e-01
-2.218259721994400024e-01
-8.606585860252380371e-01
1.382983922958374023e-01
4.900411963462829590e-01
5.476837158203125000e-01
2.153725624084472656e-01
8.084906935691833496e-01
2.944441512227058411e-02
9.607419371604919434e-01
-2.758766114711761475e-01
-8.361671566963195801e-01
1.748986691236495972e-01
5.198411941528320312e-01
5.919125080108642578e-01
2.494485527276992798e-01
7.664300203323364258e-01
2.836461924016475677e-02
9.438673257827758789e-01
-3.291046917438507080e-01
-8.055029511451721191e-01
2.165406793355941772e-01
5.516113638877868652e-01
6.411064863204956055e-01
2.764128744602203369e-01
7.159458398818969727e-01
2.700796909630298615e-02
9.241829514503479004e-01
-3.809939920902252197e-01
-7.669765949249267578e-01
2.635939419269561768e-01
5.850343108177185059e-01
6.950218677520751953e-01
2.938227355480194092e-01
6.562109589576721191e-01
2.530246041715145111e-02
9.021253585815429688e-01
-4.307314455509185791e-01
-7.185432314872741699e-01
3.159715235233306885e-01
6.195623874664306641e-01
7.527526021003723145e-01
2.987736463546752930e-01
5.865985155105590820e-01
2.316684648394584656e-02
8.785012364387512207e-01
-4.771780371665954590e-01
-6.578957438468933105e-01
3.727866411209106445e-01
6.543724536895751953e-01
8.123892545700073242e-01
2.882563471794128418e-01
5.068846344947814941e-01
2.052085474133491516e-02
8.545983433723449707e-01
-5.188840031623840332e-01
-5.827543735504150391e-01
4.319374859333038330e-01
6.883512139320373535e-01
8.707292079925537109e-01
2.598926126956939697e-01
4.174763560295104980e-01
1.730599440634250641e-02
8.322182297706604004e-01
-5.541779994964599609e-01
-4.914582371711730957e-01
4.897638261318206787e-01
7.201390266418457031e-01
9.232901334762573242e-01
2.130454629659652710e-01
3.196043074131011963e-01
1.351726800203323364e-02
8.135418295860290527e-01
-5.813493132591247559e-01
-3.838652968406677246e-01
5.410742759704589844e-01
7.482553720474243164e-01
9.649425745010375977e-01
1.499692052602767944e-01
2.153951227664947510e-01
9.236471727490425110e-03
8.007627129554748535e-01
-5.989105105400085449e-01
-2.622985243797302246e-01
5.799037218093872070e-01
7.713048458099365234e-01
9.912481904029846191e-01
7.627201080322265625e-02
1.077477633953094482e-01
4.645720124244689941e-03
7.955403327941894531e-01
-6.058828830718994141e-01
-1.319295912981033325e-01
6.010808348655700684e-01
7.882235646247863770e-01
1.000000000000000000e+00
-3.220065281084316666e-08
-2.459888825967482262e-08
1.090308288098640332e-08
7.984886765480041504e-01
-6.020098328590393066e-01
3.902704293068381958e-08
6.020098328590393066e-01
7.984886765480041504e-01
9.920182228088378906e-01
-7.051473110914230347e-02
-1.045348495244979858e-01
-4.437476862221956253e-03
8.089825510978698730e-01
-5.878158807754516602e-01
1.260165572166442871e-01
5.835879445075988770e-01
8.022125363349914551e-01
9.706557989120483398e-01
-1.288889199495315552e-01
-2.030147612094879150e-01
-8.462654426693916321e-03
8.253989219665527344e-01
-5.644865036010742188e-01
2.403242141008377075e-01
5.496401190757751465e-01
8.000875115394592285e-01
9.404338002204895020e-01
-1.718163937330245972e-01
-2.933655679225921631e-01
-1.196436025202274323e-02
8.456385731697082520e-01
-5.336217880249023438e-01
3.397662043571472168e-01
5.053459405899047852e-01
7.932114601135253906e-01
9.057066440582275391e-01
-1.988531649112701416e-01
-3.743700683116912842e-01
-1.491794176399707794e-02
8.676471710205078125e-01
-4.969565868377685547e-01
4.236425161361694336e-01
4.556817114353179932e-01
7.828673124313354492e-01
8.699097633361816406e-01
-2.114580124616622925e-01
-4.455810785293579102e-01
-1.735693402588367462e-02
8.897442817687988281e-01
-4.561291933059692383e-01
4.929053783416748047e-01
4.045251607894897461e-01
7.703269720077514648e-01
8.353919386863708496e-01
-2.119754403829574585e-01
-5.071358084678649902e-01
-1.934329047799110413e-02
9.107350707054138184e-01
-4.125378131866455078e-01
5.493142604827880859e-01
3.544404208660125732e-01
7.567204236984252930e-01
8.035753965377807617e-01
-2.029098868370056152e-01
-5.595481395721435547e-01
-2.094621025025844574e-02
9.298734664916992188e-01
-3.672827482223510742e-01
5.948342680931091309e-01
3.068597912788391113e-01
7.429732680320739746e-01
7.752165198326110840e-01
-1.865321993827819824e-01
-6.035271883010864258e-01
-2.223045192658901215e-02
9.467606544494628906e-01
-3.211698532104492188e-01
6.313043236732482910e-01
2.623928785324096680e-01
7.297977805137634277e-01
7.506437897682189941e-01
-1.647277325391769409e-01
-6.398427486419677734e-01
-2.325141802430152893e-02
9.612350463867187500e-01
-2.747481465339660645e-01
6.602978706359863281e-01
2.211152315139770508e-01
7.177149653434753418e-01
7.299368381500244141e-01
-1.389819234609603882e-01
-6.692355871200561523e-01
-2.405405230820178986e-02
9.732797145843505859e-01
-2.283593863248825073e-01
6.830912232398986816e-01
1.827857494354248047e-01
7.070896029472351074e-01
7.130467295646667480e-01
-1.104294061660766602e-01
-6.923652887344360352e-01
-2.467349357903003693e-02
9.829541444778442383e-01
-1.821876317262649536e-01
7.006822228431701660e-01
1.469913721084594727e-01
6.981675624847412109e-01
6.998719573020935059e-01
-7.992389053106307983e-02
-7.097826600074768066e-01
-2.513632923364639282e-02
9.903483986854553223e-01
-1.363018751144409180e-01
7.138258814811706543e-01
1.132351979613304138e-01
6.911081075668334961e-01
6.903045177459716797e-01
-4.810866340994834900e-02
-7.219177484512329102e-01
-2.546187490224838257e-02
9.955535531044006348e-01
-9.069066494703292847e-02
7.230708003044128418e-01
8.098555356264114380e-02
6.860101819038391113e-01
6.842567324638366699e-01
-1.547997444868087769e-02
-7.290768623352050781e-01
-2.566325105726718903e-02
9.986442327499389648e-01
-4.528910666704177856e-02
7.287895083427429199e-01
4.969985783100128174e-02
6.829317808151245117e-01
6.816765069961547852e-01
1.755775697529315948e-02
-7.314429879188537598e-01
-2.574815042316913605e-02
9.996684789657592773e-01
3.650461266602178512e-08
7.312005162239074707e-01
1.883327960968017578e-02
6.819025874137878418e-01
6.825556159019470215e-01
5.064287409186363220e-02
-7.290768623352050781e-01
-2.571929059922695160e-02
9.986428022384643555e-01
4.528917744755744934e-02
7.303809523582458496e-01
-1.216104440391063690e-02
6.829317808151245117e-01
6.869333982467651367e-01
8.341038227081298828e-02
-7.219177484512329102e-01
-2.557453885674476624e-02
9.955506920814514160e-01
9.069073945283889771e-02
7.262701988220214844e-01
-4.383578523993492126e-02
6.860101819038391113e-01
6.948963999748229980e-01
1.154450327157974243e-01
-7.097826600074768066e-01
-2.530671097338199615e-02
9.903440475463867188e-01
1.363019496202468872e-01
7.186644077301025391e-01
-7.675347477197647095e-02
6.911080479621887207e-01
7.065742015838623047e-01
1.462297439575195312e-01
-6.923652887344360352e-01
-2.490302920341491699e-02
9.829483628273010254e-01
1.821877062320709229e-01
7.072005867958068848e-01
-1.114871427416801453e-01
6.981675624847412109e-01
7.221279740333557129e-01
1.750855147838592529e-01
-6.692355871200561523e-01
-2.434420399367809296e-02
9.732725024223327637e-01
2.283594608306884766e-01
6.913310289382934570e-01
-1.486127525568008423e-01
7.070896029472351074e-01
7.417277097702026367e-01
2.011000961065292358e-01
-6.398427486419677734e-01
-2.360312268137931824e-02
9.612264633178710938e-01
2.747482061386108398e-01
6.702856421470642090e-01
-1.886860877275466919e-01
7.177149057388305664e-01
7.655100822448730469e-01
2.230453789234161377e-01
-6.035272479057312012e-01
-2.264319173991680145e-02
9.467508196830749512e-01
3.211699426174163818e-01
6.430253982543945312e-01
-2.321930378675460815e-01
7.297977805137634277e-01
7.935025691986083984e-01
2.392895966768264771e-01
-5.595481395721435547e-01
-2.141651138663291931e-02
9.298627376556396484e-01
3.672828078269958496e-01
6.081899404525756836e-01
-2.794562876224517822e-01
7.429732084274291992e-01
8.254971504211425781e-01
2.477250695228576660e-01
-5.071358680725097656e-01
-1.986242271959781647e-02
9.107238650321960449e-01
4.125379025936126709e-01
5.640566945075988770e-01
-3.304758965969085693e-01
7.567203640937805176e-01
8.608489632606506348e-01
2.457572072744369507e-01
-4.455810785293579102e-01
-1.790767349302768707e-02
8.897333145141601562e-01
4.561292827129364014e-01
5.085453987121582031e-01
-3.846790790557861328e-01
7.703269124031066895e-01
8.981887102127075195e-01
2.304433286190032959e-01
-3.743700683116912842e-01
-1.547062955796718597e-02
8.676374554634094238e-01
4.969567060470581055e-01
4.393378198146820068e-01
-4.405691325664520264e-01
7.828672528266906738e-01
9.350769519805908203e-01
1.989164948463439941e-01
-2.933655679225921631e-01
-1.247351430356502533e-02
8.456311821937561035e-01
5.336219072341918945e-01
3.542252779006958008e-01
-4.953182339668273926e-01
7.932114005088806152e-01
9.677360653877258301e-01
1.492378860712051392e-01
-2.030147761106491089e-01
-8.867112919688224792e-03
8.253945708274841309e-01
5.644866228103637695e-01
2.518100738525390625e-01
-5.444738864898681641e-01
8.000873923301696777e-01
9.911616444587707520e-01
8.167619258165359497e-02
-1.045348644256591797e-01
-4.668504465371370316e-03
8.089811801910400391e-01
5.878159999847412109e-01
1.325773149728775024e-01
-5.821326375007629395e-01
8.022124767303466797e-01
1.000000000000000000e+00
1.478867961424157329e-08
-3.772641221644335019e-08
1.090308288098640332e-08
7.984886169433593750e-01
6.020099520683288574e-01
3.902704293068381958e-08
-6.020099520683288574e-01
7.984886169433593750e-01
9.902617335319519043e-01
-8.815931528806686401e-02
1.077477484941482544e-01
4.899333231151103973e-03
7.955387234687805176e-01
6.058829426765441895e-01
-1.391317248344421387e-01
-5.994548201560974121e-01
7.882235050201416016e-01
9.611231088638305664e-01
-1.727638095617294312e-01
2.153951227664947510e-01
9.717160835862159729e-03
8.007569313049316406e-01
5.989106297492980957e-01
-2.759492099285125732e-01
-5.735338330268859863e-01
7.713047266006469727e-01
9.155108332633972168e-01
-2.443214505910873413e-01
3.196043074131011963e-01
1.415740698575973511e-02
8.135308623313903809e-01
5.813494324684143066e-01
-4.020440876483917236e-01
-5.277069211006164551e-01
7.482552528381347656e-01
8.589172363281250000e-01
-2.966053187847137451e-01
4.174763560295104980e-01
1.802220381796360016e-02
8.322029709815979004e-01
5.541781187057495117e-01
-5.117972493171691895e-01
-4.684692919254302979e-01
7.201389670372009277e-01
7.973424196243286133e-01
-3.275866806507110596e-01
5.068845748901367188e-01
2.123917452991008759e-02
8.545807003974914551e-01
5.188841223716735840e-01
-6.031533479690551758e-01
-4.029625058174133301e-01
6.883511543273925781e-01
7.357019186019897461e-01
-3.385924696922302246e-01
5.865984559059143066e-01
2.383555844426155090e-02
8.784832954406738281e-01
4.771781265735626221e-01
-6.768859028816223145e-01
-3.370789885520935059e-01
6.543723940849304199e-01
6.772425174713134766e-01
-3.327608108520507812e-01
6.562109589576721191e-01
2.589266933500766754e-02
9.021086096763610840e-01
4.307315349578857422e-01
-7.353041172027587891e-01
-2.747186720371246338e-01
6.195623874664306641e-01
6.237008571624755859e-01
-3.137177228927612305e-01
7.159458398818969727e-01
2.750808373093605042e-02
9.241681694984436035e-01
3.809940814971923828e-01
-7.811789512634277344e-01
-2.179320454597473145e-01
5.850342512130737305e-01
5.757418274879455566e-01
-2.847917675971984863e-01
7.664300203323364258e-01
2.877387404441833496e-02
9.438549280166625977e-01
3.291047811508178711e-01
-8.171250820159912109e-01
-1.674262285232543945e-01
5.516113638877868652e-01
5.333832502365112305e-01
-2.486868202686309814e-01
8.084906935691833496e-01
2.976776473224163055e-02
9.607319831848144531e-01
2.758767008781433105e-01
-8.453497290611267090e-01
-1.230810508131980896e-01
5.198411941528320312e-01
4.963063001632690430e-01
-2.074299901723861694e-01
8.430022597312927246e-01
3.055161796510219574e-02
9.746075272560119629e-01
2.218260467052459717e-01
-8.676097393035888672e-01
-8.433858305215835571e-02
4.900411665439605713e-01
4.640513062477111816e-01
-1.624460071325302124e-01
8.707856535911560059e-01
3.117313235998153687e-02
9.854266643524169922e-01
1.672199070453643799e-01
-8.852596282958984375e-01
-5.045350268483161926e-02
4.623524844646453857e-01
4.361294209957122803e-01
-1.146704852581024170e-01
8.925479054450988770e-01
3.166847676038742065e-02
9.931892156600952148e-01
1.121261194348335266e-01
-8.993265628814697266e-01
-2.063586376607418060e-02
4.367904663085937500e-01
4.120814502239227295e-01
-6.466014683246612549e-02
9.088497757911682129e-01
3.206484392285346985e-02
9.978900551795959473e-01
5.645640194416046143e-02
-9.105826020240783691e-01
5.877490621060132980e-03
4.132853150367736816e-01
