9.252724647521972656e-01
8.670116949360817671e-05
3.793031871318817139e-01
-9.371065971208736300e-05
1.000000000000000000e+00
1.772220414864023041e-08
-3.793031871318817139e-01
-3.556114825187250972e-05
9.252724647521972656e-01
9.252595305442810059e-01
1.927090063691139221e-02
3.788449168205261230e-01
-9.371845226269215345e-05
9.987203478813171387e-01
-5.057353526353836060e-02
-3.793347179889678955e-01
4.675814136862754822e-02
9.240772724151611328e-01
9.267108440399169922e-01
3.801176324486732483e-02
3.738476634025573730e-01
-9.283910185331478715e-05
9.948937296867370605e-01
-1.009278222918510437e-01
-3.757751584053039551e-01
9.349620342254638672e-02
9.219823479652404785e-01
9.296009540557861328e-01
5.550423264503479004e-02
3.643643558025360107e-01
-9.105856588575989008e-05
9.886301755905151367e-01
-1.503673791885375977e-01
-3.685676157474517822e-01
1.397484838962554932e-01
9.190366268157958984e-01
9.338573217391967773e-01
7.097440212965011597e-02
3.505327105522155762e-01
-8.836046617943793535e-05
9.801570177078247070e-01
-1.982227116823196411e-01
-3.576458096504211426e-01
1.850807517766952515e-01
9.153330326080322266e-01
9.393572211265563965e-01
8.371029049158096313e-02
3.325666487216949463e-01
-8.472762419842183590e-05
9.698077440261840820e-01
-2.438708096742630005e-01
-3.429402112960815430e-01
2.290536314249038696e-01
9.110029935836791992e-01
9.459241032600402832e-01
9.309122711420059204e-02
3.107436299324035645e-01
-8.014452032512053847e-05
9.580051302909851074e-01
-2.867510616779327393e-01
-3.243879973888397217e-01
2.712198197841644287e-01
9.062076210975646973e-01
9.533246159553527832e-01
9.861537814140319824e-02
2.853895723819732666e-01
-7.460082269972190261e-05
9.452402591705322266e-01
-3.263753056526184082e-01
-3.019473552703857422e-01
3.111203312873840332e-01
9.011281728744506836e-01
9.612679481506347656e-01
9.992528706789016724e-02
2.568634450435638428e-01
-6.809583283029496670e-05
9.320491552352905273e-01
-3.623319268226623535e-01
-2.756154537200927734e-01
3.482805788516998291e-01
8.959558010101318359e-01
9.694092273712158203e-01
9.683117270469665527e-02
2.255427092313766479e-01
-6.064383705961517990e-05
9.189885258674621582e-01
-3.942843079566955566e-01
-2.454501688480377197e-01
3.822091519832611084e-01
8.908817768096923828e-01
9.773578643798828125e-01
8.933117985725402832e-02
1.918112486600875854e-01
-5.227980363997630775e-05
9.066120982170104980e-01
-4.219650030136108398e-01
-2.115930318832397461e-01
4.124007821083068848e-01
8.860891461372375488e-01
9.846940636634826660e-01
7.762682437896728516e-02
1.560501605272293091e-01
-4.306489063310436904e-05
8.954476714134216309e-01
-4.451668262481689453e-01
-1.742916405200958252e-01
4.383464157581329346e-01
8.817453384399414062e-01
9.909925460815429688e-01
6.213071569800376892e-02
1.186319738626480103e-01
-3.309076419100165367e-05
8.859753012657165527e-01
-4.637323915958404541e-01
-1.339170187711715698e-01
4.595514237880706787e-01
8.779969811439514160e-01
9.958534240722656250e-01
4.346283897757530212e-02
7.991820573806762695e-02
-2.248167038487736136e-05
8.786081075668334961e-01
-4.775434434413909912e-01
-9.097217768430709839e-02
4.755614995956420898e-01
8.749659061431884766e-01
9.989374279975891113e-01
2.243196405470371246e-02
4.025979712605476379e-02
-1.139330834121210501e-05
8.736742734909057617e-01
-4.865113496780395508e-01
-4.608735442161560059e-02
4.859939217567443848e-01
8.727461695671081543e-01
1.000000000000000000e+00
1.854066589146441402e-08
1.690730755399272311e-08
-7.862175799289161660e-09
8.714023232460021973e-01
-4.905690848827362061e-01
-2.382854447091631300e-08
4.905690848827362061e-01
8.714023232460021973e-01
9.989191889762878418e-01
-2.276969887316226959e-02
-4.052082076668739319e-02
1.147462626249762252e-05
8.719100952148437500e-01
-4.896660149097442627e-01
4.648005962371826172e-02
4.891363382339477539e-01
8.709679841995239258e-01
9.957111477851867676e-01
-4.477631300687789917e-02
-8.095943927764892578e-02
2.284759466419927776e-05
8.751977086067199707e-01
-4.837654232978820801e-01
9.251674264669418335e-02
4.816887676715850830e-01
8.714451193809509277e-01
9.905298352241516113e-01
-6.495010107755661011e-02
-1.209632158279418945e-01
3.391032078070566058e-05
8.811454176902770996e-01
-4.728453755378723145e-01
1.372975409030914307e-01
4.683633446693420410e-01
8.728030323982238770e-01
9.836519956588745117e-01
-8.231793344020843506e-02
-1.601640880107879639e-01
4.447936953511089087e-05
8.895165920257568359e-01
-4.569028019905090332e-01
1.800799071788787842e-01
4.494262337684631348e-01
8.749784231185913086e-01
9.754486680030822754e-01
-9.605813026428222656e-02
-1.981734335422515869e-01
5.439737287815660238e-05
8.999654650688171387e-01
-4.359612464904785156e-01
2.202268689870834351e-01
4.252470433712005615e-01
8.778753280639648438e-01
9.663508534431457520e-01
-1.055402159690856934e-01
-2.345789968967437744e-01
6.353813660098239779e-05
9.120489954948425293e-01
-4.100812375545501709e-01
2.572275996208190918e-01
3.962674438953399658e-01
8.813660144805908203e-01
9.568135142326354980e-01
-1.103484183549880981e-01
-2.689445316791534424e-01
7.180787360994145274e-05
9.252435564994812012e-01
-3.793735802173614502e-01
2.907024919986724854e-01
3.629704713821411133e-01
8.852934837341308594e-01
9.472842216491699219e-01
-1.102906018495559692e-01
-3.008132576942443848e-01
7.914308662293478847e-05
9.389644861221313477e-01
-3.440140485763549805e-01
3.203944861888885498e-01
3.258552849292755127e-01
8.894749879837036133e-01
9.381787776947021484e-01
-1.053957417607307434e-01
-3.297155797481536865e-01
8.550610800739377737e-05
9.525895714759826660e-01
-3.042581975460052490e-01
3.461511433124542236e-01
2.854203879833221436e-01
8.937083482742309570e-01
9.298647642135620117e-01
-9.590318799018859863e-02
-3.551817834377288818e-01
9.087940270546823740e-05
9.654861092567443848e-01
-2.604545056819915771e-01
3.679015040397644043e-01
2.421551793813705444e-01
8.977802395820617676e-01
9.226527810096740723e-01
-8.224608004093170166e-02
-3.767591416835784912e-01
9.525955829303711653e-05
9.770405292510986328e-01
-2.130535244941711426e-01
3.856317698955535889e-01
1.965385377407073975e-01
9.014769792556762695e-01
9.167929887771606445e-01
-6.503002345561981201e-02
-3.940326273441314697e-01
9.865171159617602825e-05
9.866902232170104980e-01
-1.626110225915908813e-01
3.993627429008483887e-01
1.490417718887329102e-01
9.045971035957336426e-01
9.124758839607238770e-01
-4.500715807080268860e-02
-4.066474735736846924e-01
1.010647902148775756e-04
9.939556121826171875e-01
-1.097828000783920288e-01
4.091305434703826904e-01
1.001330614089965820e-01
9.069650173187255859e-01
9.098343849182128906e-01
-2.304550819098949432e-02
-4.143311679363250732e-01
1.025077872327528894e-04
9.984691739082336426e-01
-5.531074106693267822e-02
4.149715900421142578e-01
5.028114095330238342e-02
9.084439277648925781e-01
9.089468717575073242e-01
-9.360000694869086146e-05
-4.169119894504547119e-01
1.029871564242057502e-04
1.000000000000000000e+00
2.361687911900389736e-08
4.169119894504547119e-01
-4.295804683351889253e-05
9.089468717575073242e-01
9.098390936851501465e-01
2.285871282219886780e-02
-4.143311679363250732e-01
1.025052406475879252e-04
9.984691739082336426e-01
5.531078577041625977e-02
4.149612486362457275e-01
-5.036638677120208740e-02
9.084439277648925781e-01
9.124850034713745117e-01
4.482161998748779297e-02
-4.066474437713623047e-01
1.010597625281661749e-04
9.939556121826171875e-01
1.097828522324562073e-01
4.091101586818695068e-01
-1.002162992954254150e-01
9.069650173187255859e-01
9.168059825897216797e-01
6.484671682119369507e-02
-3.940326273441314697e-01
9.864434832707047462e-05
9.866902232170104980e-01
1.626110672950744629e-01
3.993329405784606934e-01
-1.491216719150543213e-01
9.045971035957336426e-01
9.226688146591186523e-01
8.206619322299957275e-02
-3.767591416835784912e-01
9.525009227218106389e-05
9.770405292510986328e-01
2.130535691976547241e-01
3.855934441089630127e-01
-1.966137588024139404e-01
9.014769792556762695e-01
9.298828244209289551e-01
9.572815895080566406e-02
-3.551817834377288818e-01
9.086813952308148146e-05
9.654861092567443848e-01
2.604545354843139648e-01
3.678559064865112305e-01
-2.422244697809219360e-01
8.977802395820617676e-01
9.381976723670959473e-01
1.052273437380790710e-01
-3.297155797481536865e-01
8.549344784114509821e-05
9.525895714759826660e-01
3.042582571506500244e-01
3.460999131202697754e-01
-2.854825556278228760e-01
8.937083482742309570e-01
9.473027586936950684e-01
1.101309359073638916e-01
-3.008132576942443848e-01
7.912951696198433638e-05
9.389644861221313477e-01
3.440141081809997559e-01
3.203395605087280273e-01
-3.259093165397644043e-01
8.894749283790588379e-01
9.568306207656860352e-01
1.101999282836914062e-01
-2.689445316791534424e-01
7.179395470302551985e-05
9.252435564994812012e-01
3.793736398220062256e-01
2.906461358070373535e-01
-3.630156219005584717e-01
8.852934241294860840e-01
9.663655161857604980e-01
1.054055988788604736e-01
-2.345789968967437744e-01
6.352450145641341805e-05
9.120489954948425293e-01
4.100812673568725586e-01
2.571724057197570801e-01
-3.963033258914947510e-01
8.813660144805908203e-01
9.754602909088134766e-01
9.594023227691650391e-02
-1.981734335422515869e-01
5.438467269414104521e-05
8.999654054641723633e-01
4.359612762928009033e-01
2.201754599809646606e-01
-4.252736866474151611e-01
8.778753280639648438e-01
9.836602210998535156e-01
8.221957832574844360e-02
-1.601640731096267700e-01
4.446826642379164696e-05
8.895165920257568359e-01
4.569028615951538086e-01
1.800349652767181396e-01
-4.494442641735076904e-01
8.749784231185913086e-01
9.905348420143127441e-01
6.487387418746948242e-02
-1.209632083773612976e-01
3.390141500858590007e-05
8.811454176902770996e-01
4.728454053401947021e-01
1.372614949941635132e-01
-4.683739542961120605e-01
8.728030323982238770e-01
9.957134723663330078e-01
4.472433403134346008e-02
-8.095943182706832886e-02
2.284138099639676511e-05
8.751976490020751953e-01
4.837654829025268555e-01
9.249158948659896851e-02
-4.816936552524566650e-01
8.714450597763061523e-01
9.989198446273803711e-01
2.274340949952602386e-02
-4.052081331610679626e-02
1.147144394053611904e-05
8.719100356101989746e-01
4.896660745143890381e-01
4.646717756986618042e-02
-4.891375899314880371e-01
8.709679841995239258e-01
1.000000000000000000e+00
-4.838430101017365814e-09
2.462118864343665336e-08
-7.862175799289161660e-09
8.714022636413574219e-01
4.905691444873809814e-01
-2.382854447091631300e-08
-4.905691444873809814e-01
8.714022636413574219e-01
9.989380240440368652e-01
-2.240592055022716522e-02
4.025980457663536072e-02
-1.139017967943800613e-05
8.736742138862609863e-01
4.865113794803619385e-01
-4.607469215989112854e-02
-4.859951734542846680e-01
8.727461099624633789e-01
9.958556294441223145e-01
-4.341189190745353699e-02
7.991821318864822388e-02
-2.247566044388804585e-05
8.786081075668334961e-01
4.775435030460357666e-01
-9.094785898923873901e-02
-4.755661785602569580e-01
8.749659061431884766e-01
9.909971952438354492e-01
-6.205670908093452454e-02
1.186319813132286072e-01
-3.308228770038112998e-05
8.859753012657165527e-01
4.637324213981628418e-01
-1.338827162981033325e-01
-4.595614373683929443e-01
8.779969811439514160e-01
9.847015142440795898e-01
-7.753213495016098022e-02
1.560501605272293091e-01
-4.305447873775847256e-05
8.954476118087768555e-01
4.451668858528137207e-01
-1.742494851350784302e-01
-4.383632242679595947e-01
8.817453384399414062e-01
9.773681759834289551e-01
-8.921848982572555542e-02
1.918112486600875854e-01
-5.226806024438701570e-05
9.066120982170104980e-01
4.219650626182556152e-01
-2.115454822778701782e-01
-4.124252200126647949e-01
8.860891461372375488e-01
9.694219827651977539e-01
-9.670326113700866699e-02
2.255427092313766479e-01
-6.063138062017969787e-05
9.189884662628173828e-01
3.942843377590179443e-01
-2.453997433185577393e-01
-3.822415769100189209e-01
8.908817768096923828e-01
9.612825512886047363e-01
-9.978485107421875000e-02
2.568634450435638428e-01
-6.808326725149527192e-05
9.320490956306457520e-01
3.623319566249847412e-01
-2.755645811557769775e-01
-3.483208715915679932e-01
8.959557414054870605e-01
9.533401727676391602e-01
-9.846492856740951538e-02
2.853895723819732666e-01
-7.458869367837905884e-05
9.452402591705322266e-01
3.263753354549407959e-01
-3.018982410430908203e-01
-3.111680150032043457e-01
9.011281132698059082e-01
9.459396600723266602e-01
-9.293298423290252686e-02
3.107436299324035645e-01
-8.013331535039469600e-05
9.580051302909851074e-01
2.867510914802551270e-01
-3.243426382541656494e-01
-2.712741196155548096e-01
9.062076210975646973e-01
9.393718242645263672e-01
-8.354617655277252197e-02
3.325666487216949463e-01
-8.471773617202416062e-05
9.698077440261840820e-01
2.438708394765853882e-01
-3.429001867771148682e-01
-2.291135787963867188e-01
9.110029935836791992e-01
9.338700771331787109e-01
-7.080604881048202515e-02
3.505327105522155762e-01
-8.835222251946106553e-05
9.801570177078247070e-01
1.982227414846420288e-01
-3.576124608516693115e-01
-1.851452589035034180e-01
9.153330326080322266e-01
9.296111464500427246e-01
-5.533300712704658508e-02
3.643643558025360107e-01
-9.105220669880509377e-05
9.886301755905151367e-01
1.503674238920211792e-01
-3.685418665409088135e-01
-1.398164033889770508e-01
9.190365672111511230e-01
9.267179369926452637e-01
-3.783882781863212585e-02
3.738476932048797607e-01
-9.283478721044957638e-05
9.948937296867370605e-01
1.009278595447540283e-01
-3.757576942443847656e-01
-9.356636554002761841e-02
9.219823479652404785e-01
9.252631068229675293e-01
-1.909726671874523163e-02
3.788449168205261230e-01
-9.371627675136551261e-05
9.987203478813171387e-01
5.057357251644134521e-02
-3.793259561061859131e-01
-4.682936146855354309e-02
9.240772724151611328e-01
9.252724647521972656e-01
8.670116949360817671e-05
3.793031871318817139e-01
-9.371065971208736300e-05
1.000000000000000000e+00
1.772220414864023041e-08
-3.793031871318817139e-01
-3.556114825187250972e-05
9.252724647521972656e-01
9.267275333404541016e-01
1.890820451080799103e-02
3.752579987049102783e-01
-9.282894461648538709e-05
9.987444877624511719e-01
-5.009470134973526001e-02
-3.757340610027313232e-01
4.638930410146713257e-02
9.255657196044921875e-01
9.295675158500671387e-01
3.659316897392272949e-02
3.668312430381774902e-01
-9.107938240049406886e-05
9.950841069221496582e-01
-9.903359413146972656e-02
-3.686518967151641846e-01
9.202500432729721069e-02
9.250012040138244629e-01
9.336899518966674805e-01
5.242710188031196594e-02
3.542236983776092529e-01
-8.846833225106820464e-05
9.892576336860656738e-01
-1.461825072765350342e-01
-3.580824434757232666e-01
1.364578008651733398e-01
9.236645698547363281e-01
9.389511942863464355e-01
6.578087061643600464e-02
3.377032577991485596e-01
-8.500186231685802341e-05
9.815962910652160645e-01
-1.909677982330322266e-01
-3.440503180027008057e-01
1.792807430028915405e-01
9.216766357421875000e-01
9.451667666435241699e-01
7.613281905651092529e-02
3.175902664661407471e-01
-8.068802708294242620e-05
9.725034236907958984e-01
-2.328886389732360840e-01
-3.265880942344665527e-01
2.200929820537567139e-01
9.191840291023254395e-01
9.521126151084899902e-01
8.308682590723037720e-02
2.942417562007904053e-01
-7.553963951067999005e-05
9.624318480491638184e-01
-2.715232670307159424e-01
-3.057476282119750977e-01
2.584984898567199707e-01
9.163497686386108398e-01
9.595280289649963379e-01
8.638636767864227295e-02
2.680361866950988770e-01
-6.957750883884727955e-05
9.518610835075378418e-01
-3.065297305583953857e-01
-2.816132009029388428e-01
2.941052019596099854e-01
9.133433699607849121e-01
9.671213626861572266e-01
8.592467010021209717e-02
2.393601089715957642e-01
-6.283388938754796982e-05
9.412747025489807129e-01
-3.376416862010955811e-01
-2.543153762817382812e-01
3.265254497528076172e-01
9.103322625160217285e-01
9.745789170265197754e-01
8.175054937601089478e-02
2.085972726345062256e-01
-5.535582022275775671e-05
9.311403632164001465e-01
-3.646610081195831299e-01
-2.240445762872695923e-01
3.553793728351593018e-01
9.074742794036865234e-01
9.815778732299804688e-01
7.406950742006301880e-02
1.761209666728973389e-01
-4.720795914181508124e-05
9.218915700912475586e-01
-3.874480128288269043e-01
-1.910625100135803223e-01
3.803020715713500977e-01
9.049118757247924805e-01
9.878029227256774902e-01
6.323894113302230835e-02
1.422893702983856201e-01
-3.847435436910018325e-05
9.139125347137451172e-01
-4.059112370014190674e-01
-1.557094454765319824e-01
4.009548127651214600e-01
9.027678370475769043e-01
9.929653406143188477e-01
4.975631460547447205e-02
1.074436828494071960e-01
-2.925877015513833612e-05
9.075253009796142578e-01
-4.199973642826080322e-01
-1.184053868055343628e-01
4.170396625995635986e-01
9.011426568031311035e-01
9.968233704566955566e-01
3.423932939767837524e-02
7.190851122140884399e-02
-1.968315154954325408e-05
9.029801487922668457e-01
-4.296822845935821533e-01
-7.964398711919784546e-02
4.283159375190734863e-01
9.001123905181884766e-01
9.992005228996276855e-01
1.739805378019809723e-02
3.599415719509124756e-02
-9.884145583782810718e-06
9.004478454589843750e-01
-4.349640309810638428e-01
-3.997838869690895081e-02
4.346159398555755615e-01
8.997281193733215332e-01
1.000000000000000000e+00
1.746193412088814512e-08
1.801927318467733130e-08
-7.862175799289161660e-09
9.000156521797180176e-01
-4.358575940132141113e-01
-2.382854447091631300e-08
4.358575940132141113e-01
9.000156521797180176e-01
9.992121458053588867e-01
-1.716932654380798340e-02
-3.578129038214683533e-02
9.796548511076252908e-06
9.016856551170349121e-01
-4.323921203613281250e-01
3.968735784292221069e-02
4.320510923862457275e-01
9.009754657745361328e-01
9.969145059585571289e-01
-3.334742039442062378e-02
-7.105963677167892456e-02
1.938372952281497419e-05
9.053763151168823242e-01
-4.246101379394531250e-01
7.849536091089248657e-02
4.232985973358154297e-01
9.025833606719970703e-01
9.932636022567749023e-01
-4.783305525779724121e-02
-1.055433899164199829e-01
2.861847497115377337e-05
9.109262228012084961e-01
-4.125692546367645264e-01
1.158766895532608032e-01
4.097869992256164551e-01
9.047912359237670898e-01
9.884808659553527832e-01
-6.001916527748107910e-02
-1.389361619949340820e-01
3.738083614734932780e-05
9.181014299392700195e-01
-3.963455557823181152e-01
1.513458192348480225e-01
3.917748034000396729e-01
9.075279235839843750e-01
9.828339219093322754e-01
-6.941787153482437134e-02
-1.709346920251846313e-01
4.556948260869830847e-05
9.266039133071899414e-01
-3.760388195514678955e-01
1.844925731420516968e-01
3.695759177207946777e-01
9.107009172439575195e-01
9.766166806221008301e-01
-7.567681372165679932e-02
-2.012283653020858765e-01
5.310314372763969004e-05
9.360830783843994141e-01
-3.517790436744689941e-01
2.149879783391952515e-01
3.435426056385040283e-01
9.141983389854431152e-01
9.701307415962219238e-01
-7.858720421791076660e-02
-2.295004278421401978e-01
5.992023216094821692e-05
9.461482763290405273e-01
-3.237336575984954834e-01
2.425827533006668091e-01
3.140502274036407471e-01
9.178921580314636230e-01
9.636687636375427246e-01
-7.808477431535720825e-02
-2.554315626621246338e-01
6.597709580091759562e-05
9.563832283020019531e-01
-2.921149730682373047e-01
2.671002149581909180e-01
2.814852297306060791e-01
9.216417670249938965e-01
9.575024247169494629e-01
-7.424504309892654419e-02
-2.787055671215057373e-01
7.124529656721279025e-05
9.663617610931396484e-01
-2.571866810321807861e-01
2.884252369403839111e-01
2.462370097637176514e-01
9.252989888191223145e-01
9.518734216690063477e-01
-6.727433204650878906e-02
-2.990169525146484375e-01
7.570841989945620298e-05
9.756644964218139648e-01
-2.192688733339309692e-01
3.064914047718048096e-01
2.086935788393020630e-01
9.287141561508178711e-01
9.469883441925048828e-01
-5.749753490090370178e-02
-3.160808086395263672e-01
7.935885514598339796e-05
9.838962554931640625e-01
-1.787405312061309814e-01
3.212678730487823486e-01
1.692401170730590820e-01
9.317428469657897949e-01
9.430161118507385254e-01
-4.534322023391723633e-02
-3.296432197093963623e-01
8.219473238568753004e-05
9.907035231590270996e-01
-1.360385268926620483e-01
3.327471315860748291e-01
1.282594352960586548e-01
9.342530965805053711e-01
9.400870800018310547e-01
-3.132646158337593079e-02
-3.394922316074371338e-01
8.421736129093915224e-05
9.957910180091857910e-01
-9.165287017822265625e-02
3.409344851970672607e-01
8.613308519124984741e-02
9.361329078674316406e-01
9.382935762405395508e-01
-1.602948457002639771e-02
-3.454681038856506348e-01
8.542917930753901601e-05
9.989359974861145020e-01
-4.611792415380477905e-02
3.458397686481475830e-01
4.324264079332351685e-02
9.372966289520263672e-01
9.376906156539916992e-01
-8.047585288295522332e-05
-3.474712967872619629e-01
8.583224553149193525e-05
1.000000000000000000e+00
2.371410801060847007e-08
3.474712967872619629e-01
-2.984647835546638817e-05
9.376906156539916992e-01
9.382963180541992188e-01
1.586901582777500153e-02
-3.454681038856506348e-01
8.542735304217785597e-05
9.989359974861145020e-01
4.611797258257865906e-02
3.458323478698730469e-01
-4.330183565616607666e-02
9.372966289520263672e-01
9.400923252105712891e-01
3.116746991872787476e-02
-3.394922316074371338e-01
8.421375969192013144e-05
9.957910180091857910e-01
9.165292233228683472e-02
3.409199118614196777e-01
-8.619079738855361938e-02
9.361328482627868652e-01
9.430236220359802246e-01
4.518676549196243286e-02
-3.296432197093963623e-01
8.218947186833247542e-05
9.907035231590270996e-01
1.360385715961456299e-01
3.327258527278900146e-01
-1.283146888017654419e-01
9.342530965805053711e-01
9.469976425170898438e-01
5.734479054808616638e-02
-3.160808086395263672e-01
7.935211033327504992e-05
9.838962554931640625e-01
1.787405759096145630e-01
3.212405741214752197e-01
-1.692919880151748657e-01
9.317428469657897949e-01
9.518838524818420410e-01
6.712663173675537109e-02
-2.990169525146484375e-01
7.570042362203821540e-05
9.756644368171691895e-01
2.192689180374145508e-01
3.064590096473693848e-01
-2.087411880493164062e-01
9.287141561508178711e-01
9.575133323669433594e-01
7.410388439893722534e-02
-2.787055373191833496e-01
7.123632531147450209e-05
9.663617014884948730e-01
2.571867108345031738e-01
2.883889079093933105e-01
-2.462795674800872803e-01
9.252989888191223145e-01
9.636795520782470703e-01
7.795184105634689331e-02
-2.554315626621246338e-01
6.596749881282448769e-05
9.563831686973571777e-01
2.921150326728820801e-01
2.670613527297973633e-01
-2.815221250057220459e-01
9.216417670249938965e-01
9.701406359672546387e-01
7.846434414386749268e-02
-2.295004278421401978e-01
5.991040234221145511e-05
9.461482167243957520e-01
3.237337172031402588e-01
2.425429672002792358e-01
-3.140809834003448486e-01
9.178921580314636230e-01
9.766252636909484863e-01
7.556602358818054199e-02
-2.012283504009246826e-01
5.309351399773731828e-05
9.360830187797546387e-01
3.517790734767913818e-01
2.149489969015121460e-01
-3.435670435428619385e-01
9.141983389854431152e-01
9.828407168388366699e-01
6.932121515274047852e-02
-1.709346920251846313e-01
4.556050407700240612e-05
9.266039133071899414e-01
3.760388791561126709e-01
1.844562292098999023e-01
-3.695940971374511719e-01
9.107008576393127441e-01
9.884857535362243652e-01
5.993868410587310791e-02
-1.389361470937728882e-01
3.737295264727436006e-05
9.181013703346252441e-01
3.963455855846405029e-01
1.513139158487319946e-01
-3.917871713638305664e-01
9.075279235839843750e-01
9.932665824890136719e-01
4.777065292000770569e-02
-1.055433824658393860e-01
2.861211396520957351e-05
9.109262228012084961e-01
4.125692844390869141e-01
1.158509403467178345e-01
-4.097943305969238281e-01
9.047912359237670898e-01
9.969158768653869629e-01
3.330473974347114563e-02
-7.105962932109832764e-02
1.937925117090344429e-05
9.053762555122375488e-01
4.246101677417755127e-01
7.847723364830017090e-02
-4.233020246028900146e-01
9.025833606719970703e-01
9.992125034332275391e-01
1.714761555194854736e-02
-3.578128293156623840e-02
9.794228390092030168e-06
9.016856551170349121e-01
4.323921501636505127e-01
3.967796266078948975e-02
-4.320520162582397461e-01
9.009754061698913574e-01
1.000000000000000000e+00
-3.309771789972160150e-09
2.487285044594500505e-08
-7.862175799289161660e-09
9.000155925750732422e-01
4.358576536178588867e-01
-2.382854447091631300e-08
-4.358576536178588867e-01
9.000155925750732422e-01
9.992009401321411133e-01
-1.737612485885620117e-02
3.599416464567184448e-02
-9.881790901999920607e-06
9.004477858543395996e-01
4.349640905857086182e-01
-3.996885567903518677e-02
-4.346168637275695801e-01
8.997281193733215332e-01
9.968248605728149414e-01
-3.419588506221771240e-02
7.190851867198944092e-02
-1.967854223039466888e-05
9.029801487922668457e-01
4.296823143959045410e-01
-7.962533086538314819e-02
-4.283194541931152344e-01
9.001123905181884766e-01
9.929685592651367188e-01
-4.969230294227600098e-02
1.074436902999877930e-01
-2.925212902482599020e-05
9.075253009796142578e-01
4.199973940849304199e-01
-1.183785051107406616e-01
-4.170473515987396240e-01
9.011426568031311035e-01
9.878082275390625000e-01
-6.315579265356063843e-02
1.422893851995468140e-01
-3.846601975965313613e-05
9.139124751091003418e-01
4.059112668037414551e-01
-1.556756943464279175e-01
-4.009679555892944336e-01
9.027678370475769043e-01
9.815854430198669434e-01
-7.396899908781051636e-02
1.761209666728973389e-01
-4.719834032584913075e-05
9.218915700912475586e-01
3.874480426311492920e-01
-1.910235732793807983e-01
-3.803216516971588135e-01
9.049118161201477051e-01
9.745886325836181641e-01
-8.163469284772872925e-02
2.085972726345062256e-01
-5.534538649953901768e-05
9.311403632164001465e-01
3.646610379219055176e-01
-2.240023314952850342e-01
-3.554060459136962891e-01
9.074742197990417480e-01
9.671328067779541016e-01
-8.579557389020919800e-02
2.393601089715957642e-01
-6.282312097027897835e-05
9.412747025489807129e-01
3.376417458057403564e-01
-2.542717754840850830e-01
-3.265594244003295898e-01
9.103322625160217285e-01
9.595406055450439453e-01
-8.624611794948577881e-02
2.680361866950988770e-01
-6.956688594073057175e-05
9.518610835075378418e-01
3.065297603607177734e-01
-2.815702259540557861e-01
-2.941464185714721680e-01
9.133433699607849121e-01
9.521256089210510254e-01
-8.293738216161727905e-02
2.942417562007904053e-01
-7.552962051704525948e-05
9.624318480491638184e-01
2.715233266353607178e-01
-3.057070672512054443e-01
-2.585465312004089355e-01
9.163497686386108398e-01
9.451794028282165527e-01
-7.597600668668746948e-02
3.175902664661407471e-01
-8.067900489550083876e-05
9.725034236907958984e-01
2.328886687755584717e-01
-3.265515863895416260e-01
-2.201471924781799316e-01
9.191840291023254395e-01
9.389625787734985352e-01
-6.561827659606933594e-02
3.377032876014709473e-01
-8.499419345753267407e-05
9.815962910652160645e-01
1.909678280353546143e-01
-3.440192639827728271e-01
-1.793403476476669312e-01
9.216766357421875000e-01
9.336993098258972168e-01
-5.226011946797370911e-02
3.542236983776092529e-01
-8.846230048220604658e-05
9.892576336860656738e-01
1.461825370788574219e-01
-3.580580353736877441e-01
-1.365218758583068848e-01
9.236645698547363281e-01
9.295741915702819824e-01
-3.642302006483078003e-02
3.668312430381774902e-01
-9.107522055273875594e-05
9.950841069221496582e-01
9.903363138437271118e-02
-3.686350286006927490e-01
-9.209251403808593750e-02
9.250012040138244629e-01
9.267310500144958496e-01
-1.873594895005226135e-02
3.752579987049102783e-01
-9.282681276090443134e-05
9.987444877624511719e-01
5.009473860263824463e-02
-3.757254183292388916e-01
-4.645918309688568115e-02
9.255657196044921875e-01
